h deriv differr
1.0e-01  4.973638e-01  4.293855e-02 
1.0e-02  5.360860e-01  4.216325e-03 
1.0e-03  5.398815e-01  4.208255e-04 
1.0e-04  5.402602e-01  4.207445e-05 
1.0e-05  5.402981e-01  4.207362e-06 
1.0e-06  5.403019e-01  4.207468e-07 
1.0e-07  5.403023e-01  4.182769e-08 
1.0e-08  5.403023e-01  2.969885e-09 
1.0e-09  5.403024e-01  5.254127e-08 
1.0e-10  5.403022e-01  5.848104e-08 
1.0e-11  5.403011e-01  1.168704e-06 
1.0e-12  5.403455e-01  4.324022e-05 
1.0e-13  5.395684e-01  7.339159e-04 
1.0e-14  5.440093e-01  3.706976e-03 
1.0e-15  5.551115e-01  1.480921e-02 
1.0e-16  0.000000e+00  5.403023e-01 
1.0e-17  0.000000e+00  5.403023e-01 
1.0e-18  0.000000e+00  5.403023e-01 
1.0e-19  0.000000e+00  5.403023e-01 
1.0e-20  0.000000e+00  5.403023e-01 
